113.9366395838150 22.5255489642857 100.6403350830078 -90.0000000000000 -2.1000000000000
113.9370365317919 22.5255588968254 100.6403350830078 -90.0000000000000 -2.1000000000000
113.9374334797688 22.5255688293651 100.6403350830078 -90.0000000000000 -2.1000000000000
113.9378304277457 22.5255489642857 100.6403350830078 -90.0000000000000 -2.1000000000000
113.9382273757226 22.5256979523810 100.6403350830078 -90.0000000000000 -2.1000000000000
113.9385814104046 22.5259760634921 100.6403350830078 -90.0000000000000 -2.1000000000000
113.9389139884393 22.5262343095238 100.6403350830078 -90.0000000000000 -2.1000000000000
113.9392572947977 22.5265322857143 100.6403350830078 -90.0000000000000 -2.1000000000000
113.9392358381503 22.5268997896825 100.6403350830078 -90.0000000000000 -2.1000000000000
113.9389998150289 22.5272176309524 100.6403350830078 -90.0000000000000 -2.1000000000000
113.9389247167630 22.5275454047619 100.6403350830078 -90.0000000000000 -2.1000000000000
113.9391285549133 22.5278731785714 100.6403350830078 -90.0000000000000 -2.1000000000000
113.9395255028902 22.5280221666667 100.6403350830078 -90.0000000000000 -2.1000000000000
113.9399224508670 22.5280817619048 100.6403350830078 -90.0000000000000 -2.1000000000000
113.9403193988439 22.5281214920635 100.6403350830078 -90.0000000000000 -2.1000000000000
113.9407163468208 22.5281910198413 100.6403350830078 -90.0000000000000 -2.1000000000000
113.9410167398844 22.5285287261905 100.6403350830078 -90.0000000000000 -2.1000000000000
113.9413171329480 22.5288862976190 100.6403350830078 -90.0000000000000 -2.1000000000000
113.9416711676301 22.5292041388889 100.6403350830078 -90.0000000000000 -2.1000000000000
113.9419286473988 22.5295219801587 100.6403350830078 -90.0000000000000 -2.1000000000000
113.9423255953757 22.5297305634921 100.6403350830078 -90.0000000000000 -2.1000000000000
113.9425723468208 22.5300186071429 100.6403350830078 -90.0000000000000 -2.1000000000000
113.9424865202312 22.5303861111111 100.6403350830078 -90.0000000000000 -2.1000000000000
113.9424865202312 22.5307536150794 100.6403350830078 -90.0000000000000 -2.1000000000000
113.9422826820809 22.5310913214286 100.6403350830078 -90.0000000000000 -2.1000000000000
113.9418964624277 22.5312204444444 100.6403350830078 -90.0000000000000 -2.1000000000000
113.9417999075144 22.5312303769841 100.6403350830078 -90.0000000000000 -2.1000000000000
113.9414780578035 22.5310416587302 100.6403350830078 -90.0000000000000 -2.1000000000000
113.9412313063584 22.5306741547619 100.6403350830078 -90.0000000000000 -2.1000000000000
113.9410596531792 22.5303066507937 100.6403350830078 -90.0000000000000 -2.1000000000000
113.9408987283237 22.5299391468254 100.6403350830078 -90.0000000000000 -2.1000000000000
113.9405446936416 22.5297007658730 100.6403350830078 -90.0000000000000 -2.1000000000000
113.9401477456647 22.5297106984127 100.6403350830078 -90.0000000000000 -2.1000000000000
113.9397507976879 22.5296312380952 100.6403350830078 -90.0000000000000 -2.1000000000000
113.9393645780347 22.5295219801587 100.6403350830078 -90.0000000000000 -2.1000000000000
113.9391821965318 22.5292140714286 100.6403350830078 -90.0000000000000 -2.1000000000000
113.9388281618497 22.5290452182540 100.6403350830078 -90.0000000000000 -2.1000000000000
113.9384312138728 22.5288962301587 100.6403350830078 -90.0000000000000 -2.1000000000000
113.9380342658960 22.5287671071429 100.6403350830078 -90.0000000000000 -2.1000000000000
113.9376802312139 22.5285585238095 100.6403350830078 -90.0000000000000 -2.1000000000000
113.9374012947977 22.5282605476190 100.6403350830078 -90.0000000000000 -2.1000000000000
113.9370043468208 22.5281413571429 100.6403350830078 -90.0000000000000 -2.1000000000000
113.9366073988439 22.5279824365079 100.6403350830078 -90.0000000000000 -2.1000000000000
113.9364035606937 22.5276546626984 100.6403350830078 -90.0000000000000 -2.1000000000000
113.9362962774567 22.5273169563492 100.6403350830078 -90.0000000000000 -2.1000000000000
113.9365323005780 22.5269693174603 100.6403350830078 -90.0000000000000 -2.1000000000000
113.9366073988439 22.5266216785714 100.6403350830078 -90.0000000000000 -2.1000000000000
113.9363284624278 22.5263336349206 100.6403350830078 -90.0000000000000 -2.1000000000000
113.9360387976879 22.5260157936508 100.6403350830078 -90.0000000000000 -2.1000000000000
113.9365323005780 22.5258767380952 100.6403350830078 -90.0000000000000 -2.1000000000000
113.9369292485549 22.5259065357143 100.6403350830078 -90.0000000000000 -2.1000000000000
113.9376909595376 22.5263038373016 100.6403350830078 -90.0000000000000 -2.1000000000000
113.9380879075144 22.5263733650794 100.6403350830078 -90.0000000000000 -2.1000000000000
113.9384526705202 22.5266117460317 100.6403350830078 -90.0000000000000 -2.1000000000000
113.9383453872832 22.5269693174603 100.6403350830078 -90.0000000000000 -2.1000000000000
113.9380557225434 22.5273070238095 100.6403350830078 -90.0000000000000 -2.1000000000000
113.9380771791908 22.5276347976190 100.6403350830078 -90.0000000000000 -2.1000000000000
113.9383239306358 22.5279427063492 100.6403350830078 -90.0000000000000 -2.1000000000000
113.9387208786127 22.5281214920635 100.6403350830078 -90.0000000000000 -2.1000000000000
113.9391178265896 22.5282704801587 100.6403350830078 -90.0000000000000 -2.1000000000000
113.9395147745665 22.5284492658730 100.6403350830078 -90.0000000000000 -2.1000000000000
113.9399117225433 22.5285485912698 100.6403350830078 -90.0000000000000 -2.1000000000000
113.9403086705202 22.5286181190476 100.6403350830078 -90.0000000000000 -2.1000000000000
113.9407056184971 22.5287373095238 100.6403350830078 -90.0000000000000 -2.1000000000000
113.9410596531792 22.5290650833333 100.6403350830078 -90.0000000000000 -2.1000000000000
113.9411991213873 22.5294325873016 100.6403350830078 -90.0000000000000 -2.1000000000000
113.9414780578035 22.5298000912698 100.6403350830078 -90.0000000000000 -2.1000000000000
113.9417462658959 22.5300881349206 100.6403350830078 -90.0000000000000 -2.1000000000000
113.9416067976879 22.5304357738095 100.6403350830078 -90.0000000000000 -2.1000000000000
113.9415853410405 22.5304357738095 100.6403350830078 -90.0000000000000 -2.1000000000000
113.9413171329480 22.5300782023810 100.6403350830078 -90.0000000000000 -2.1000000000000
113.9410918381503 22.5297106984127 100.6403350830078 -90.0000000000000 -2.1000000000000
113.9409094566474 22.5293431944444 100.6403350830078 -90.0000000000000 -2.1000000000000
113.9406197919075 22.5290253531746 100.6403350830078 -90.0000000000000 -2.1000000000000
113.9402228439306 22.5289756904762 100.6403350830078 -90.0000000000000 -2.1000000000000
113.9398258959538 22.5288962301587 100.6403350830078 -90.0000000000000 -2.1000000000000
113.9394289479769 22.5287869722222 100.6403350830078 -90.0000000000000 -2.1000000000000
113.9390534566474 22.5285982539683 100.6403350830078 -90.0000000000000 -2.1000000000000
113.9386672369942 22.5283400079365 100.6403350830078 -90.0000000000000 -2.1000000000000
113.9382702890173 22.5281612222222 100.6403350830078 -90.0000000000000 -2.1000000000000
113.9378733410405 22.5280420317460 100.6403350830078 -90.0000000000000 -2.1000000000000
113.9376158612717 22.5277837857143 100.6403350830078 -90.0000000000000 -2.1000000000000
113.9372725549133 22.5274659444444 100.6403350830078 -90.0000000000000 -2.1000000000000
113.9373476531792 22.5270984404762 100.6403350830078 -90.0000000000000 -2.1000000000000
113.9373905664740 22.5267508015873 100.6403350830078 -90.0000000000000 -2.1000000000000
113.9365430289017 22.5261151190476 100.6403350830078 -90.0000000000000 -2.1000000000000
113.9368756069364 22.5264130952381 100.6403350830078 -90.0000000000000 -2.1000000000000
113.9369614335260 22.5267508015873 100.6403350830078 -90.0000000000000 -2.1000000000000
113.9368756069364 22.5270984404762 100.6403350830078 -90.0000000000000 -2.1000000000000
113.9367361387283 22.5274460793651 100.6403350830078 -90.0000000000000 -2.1000000000000
113.9370472601156 22.5277738531746 100.6403350830078 -90.0000000000000 -2.1000000000000
113.9373476531792 22.5280221666667 100.6403350830078 -90.0000000000000 -2.1000000000000
113.9377446011561 22.5281910198413 100.6403350830078 -90.0000000000000 -2.1000000000000
113.9381415491330 22.5283598730159 100.6403350830078 -90.0000000000000 -2.1000000000000
113.9385277687861 22.5286181190476 100.6403350830078 -90.0000000000000 -2.1000000000000
113.9388925317919 22.5288366349206 100.6403350830078 -90.0000000000000 -2.1000000000000
113.9392894797688 22.5289657579365 100.6403350830078 -90.0000000000000 -2.1000000000000
113.9396864277457 22.5290650833333 100.6403350830078 -90.0000000000000 -2.1000000000000
113.9400619190751 22.5292140714286 100.6403350830078 -90.0000000000000 -2.1000000000000
113.9404374104046 22.5293133968254 100.6403350830078 -90.0000000000000 -2.1000000000000
113.9407699884393 22.5295319126984 100.6403350830078 -90.0000000000000 -2.1000000000000
113.9410381965318 22.5298994166667 100.6403350830078 -90.0000000000000 -2.1000000000000
113.9412205780347 22.5302669206349 100.6403350830078 -90.0000000000000 -2.1000000000000
113.9414566011561 22.5306344246032 100.6403350830078 -90.0000000000000 -2.1000000000000
113.9418428208092 22.5309224682540 100.6403350830078 -90.0000000000000 -2.1000000000000
113.9421110289017 22.5308231428571 100.6403350830078 -90.0000000000000 -2.1000000000000
113.9420466589595 22.5304556388889 100.6403350830078 -90.0000000000000 -2.1000000000000
113.9421753988439 22.5300881349206 100.6403350830078 -90.0000000000000 -2.1000000000000
113.9418964624277 22.5297802261905 100.6403350830078 -90.0000000000000 -2.1000000000000
113.9414995144509 22.5295418452381 100.6403350830078 -90.0000000000000 -2.1000000000000
113.9413278612717 22.5291743412698 100.6403350830078 -90.0000000000000 -2.1000000000000
113.9410167398844 22.5288068373016 100.6403350830078 -90.0000000000000 -2.1000000000000
113.9407270751445 22.5284492658730 100.6403350830078 -90.0000000000000 -2.1000000000000
113.9403301271676 22.5283201428571 100.6403350830078 -90.0000000000000 -2.1000000000000
113.9399331791908 22.5282506150794 100.6403350830078 -90.0000000000000 -2.1000000000000
113.9395362312139 22.5281910198413 100.6403350830078 -90.0000000000000 -2.1000000000000
113.9391392832370 22.5281016269841 100.6403350830078 -90.0000000000000 -2.1000000000000
113.9387423352601 22.5279526388889 100.6403350830078 -90.0000000000000 -2.1000000000000
113.9385384971098 22.5276050000000 100.6403350830078 -90.0000000000000 -2.1000000000000
113.9385170404624 22.5272672936508 100.6403350830078 -90.0000000000000 -2.1000000000000
113.9387852485549 22.5269097222222 100.6403350830078 -90.0000000000000 -2.1000000000000
113.9388388901734 22.5265422182540 100.6403350830078 -90.0000000000000 -2.1000000000000
113.9384741271676 22.5262839722222 100.6403350830078 -90.0000000000000 -2.1000000000000
113.9380986358381 22.5260455912698 100.6403350830078 -90.0000000000000 -2.1000000000000
113.9377231445087 22.5259065357143 100.6403350830078 -90.0000000000000 -2.1000000000000
113.9373261965318 22.5259164682540 100.6403350830078 -90.0000000000000 -2.1000000000000
113.9362426358382 22.5255092341270 100.6403350830078 -90.0000000000000 -2.1000000000000
113.9360817109827 22.5256482896825 100.6403350830078 -90.0000000000000 -2.1000000000000
